50
10
 -4.31848693067912 9.244982849575507 2.880463940450837 -1.626628921816577 4.827976953842958 -2.033149804749733 1.323028280866619 2.800886961336327 6.328206518731723 3.070265926437851
 -3.349390493435439 8.652968591792311 3.939320930347005 -1.665803254066429 3.763075982527954 -0.7395336897260479 -1.189519682540331 4.999009615228997 3.858478482761244 4.514696060278554
 -4.057388875328976 10.06380576790509 1.939821680499532 0.768350951713083 2.288546857176887 -0.6776669667848384 -0.3491035844967057 5.549888523207932 3.83593008411827 3.940469991209967
 -3.951317066969219 9.110144106019163 2.663005603912517 0.6114022674413324 1.637345290434748 -0.8129527231145733 -0.4302314753651399 5.271960085199477 4.838753378526467 3.865256094441802
 -4.127476972949867 10.21891080982001 2.859719527501338 -0.9405468142314354 2.979415374537351 -0.5975901997122808 -0.0267553749522117 3.839835974580652 5.25191078504792 4.389575687104127
 -3.803568681196436 8.854899974425248 2.580902710055986 -1.449128539224275 3.93019113546865 -2.54821555042848 1.683121858234683 2.06781074750111 5.88648984557401 4.710419762689392
 -4.138652319671202 10.10756104491037 1.888783200386326 0.3103928025269022 2.370971408705421 -1.120727639587758 0.4416322232507283 3.941846866866416 4.476106560317893 3.488149545293993
 -1.478432726566333 7.392049637960937 4.647100016318847 -2.035515876876817 3.309776480487242 -1.079721140258191 -0.1080249555740073 4.80981004534794 4.250574828130463 6.07982078408606
 -5.394959348765538 10.35063433393669 1.78827719563996 0.1513070983951215 1.221006037211995 -0.7013543353934493 -0.5933155629438877 5.597546928057434 3.588798281490913 5.862723508394483
 -6.076076419376033 11.33062173097168 1.781110338348344 -0.4269263605087148 1.973517853252657 -1.71282524814235 0.2897361111762246 4.455080804052866 4.048825274879151 4.656202871711788
 -5.369221722876222 9.925703897069653 2.680350816750672 0.7772396877215116 0.7675431575372393 0.8283892653777125 -0.9481100240485516 4.588515464838551 4.680370824595938 3.970557367215469
 -5.322332672579858 9.879258474923015 2.255626898237097 -1.621122703170967 3.687069169691877 -1.71220398370064 -0.5551682531951451 5.182313129732354 4.962074350501014 3.533858125820787
 -4.668851076300278 11.1559521133921 0.5633741123154294 1.072704116844515 1.136912972674086 0.3035725168451204 -1.20226460781128 4.737750813414403 4.252133605928921 5.003330903440942
 -4.406224490004759 10.26172102195239 2.119215121450459 -0.840325800870166 2.769006782238638 -0.8568357961729555 0.1226338376545916 3.929645822773 4.948187357192269 3.544562026979656
 -4.455813698297425 9.336011619192774 1.650738044238553 0.01543444594618337 1.440576265237509 0.6621554329135777 -1.810740878744023 5.484597623808719 2.258262775442426 5.233830462696104
 -3.703147274295864 9.608398881662204 2.444175478637987 -0.09268653302150152 2.846802993807064 -0.6258947744312893 0.06073230549156594 3.809620875767839 4.643082417907395 4.816775279518621
 -3.85377429495104 9.005336503492948 3.280173695616055 -0.9580629371754189 3.364027889543764 -2.042805363968441 0.9220786342416634 3.78527658481672 4.224903067970991 4.74246262872868
 -3.495241979594253 9.516422254507566 2.498593021403174 -0.7938863259902057 2.901118653503531 -0.7739705815681369 -0.7569628927232426 4.589014395716458 4.278530861938356 5.03289376197307
 -2.477948608252177 9.36486070303204 3.035334850183347 -0.3328121798442768 3.196815293087268 -1.430929835800725 0.5473097365092546 4.041364800423364 5.373557176678291 4.138210764973086
 -3.027880167252905 7.622262118579076 5.158283038991819 -2.338855084610614 3.715706684372859 -2.30764109992386 1.02002837902438 3.599161145750502 6.442864603085438 2.900476778412425
 -5.510445443110941 11.01339613219961 1.736937657676423 0.7519175388816209 1.913731779458336 -1.18035086394204 -0.05161934801229623 4.389252197883141 5.989480712340598 3.079234020119063
 -6.546233354311982 11.96489772927272 0.5627812034276574 1.126722583807003 1.55845451331486 0.2860163567283923 -1.523895185477338 5.373370518524004 3.825692482974727 5.220095130492648
 -3.345967764798582 8.966462517081604 3.207657042732957 -0.315461975638578 2.769315014294484 -1.392498650633305 0.44722671493224 5.039111779532074 3.9559856213316 4.124192712286122
 -6.057592872457151 11.8556073498688 0.7493596221552188 1.647952166522257 0.4587051114954093 0.8601678514616953 -2.779889205493557 6.94145020643252 3.200736429799546 5.846693824120916
 -4.173227038298258 9.563915369045997 1.50968421696665 2.136587924332704 0.6976447950405971 0.1247515494474067 -1.174960149204373 5.469904151652503 4.176343636729971 5.017066590857578
 -4.204208035273504 8.619865885707171 2.828003182761623 0.03518675794924389 1.943967350528074 -1.431448533600535 0.07665397839166077 3.653392908960908 5.861601639042381 3.710007543526934
 -2.033290948951359 6.586168157726212 5.484966311720992 -2.293482928869142 3.663820733107594 -1.836358402640908 0.1813894720456791 3.482372013969768 6.011150797491624 3.426993295638177
 -4.30790955084811 9.310775701159834 2.504301848667861 -0.3146975426894859 1.814554308179596 -0.3822332177251202 -0.03316367926006586 3.427280545965553 4.457012188428041 4.561710013922252
 -4.74186622969005 10.30950703775818 2.090567089797555 -0.7934991063823246 3.593672675688555 -1.128688049725024 -0.3131938589698401 6.414153069547982 3.437131348636067 7.341942733553224
 -4.005776457530666 9.570216970810467 1.696419418620137 0.1423727947618577 1.650552921330261 0.303695558275225 -0.7025118401485568 5.693086966184706 3.581310198224236 4.726001674715795
 -3.995876006509767 9.630533631983909 2.314386622699345 -0.6581729588715066 2.736032934864407 -0.4778075470088859 0.2656266511861294 4.571759861365144 4.027840076360911 3.466849683193267
 -4.169969904828404 9.054979130026547 3.110718307448971 -1.25095885092386 2.597007662174686 -1.492168570259061 0.3877000858504585 3.734065729145992 4.762375127777718 5.467317100117486
 -4.842164018001553 9.978760876249185 1.146901280795775 1.223714736177925 1.080312727856899 -0.2968814342107678 -0.357684879371819 4.156233313794274 5.814552005362918 3.961030291923402
 -5.450357643501524 9.129477666421563 2.893546563630665 -1.051216035828265 1.185879425069771 -0.5978148163134359 0.1448584848664991 4.834552679436745 3.777175321761291 4.241922746861012
 -3.925850507110476 8.774070905651861 2.849943032490425 -1.226587252713005 2.65134128454745 -0.7541323898603717 -0.2011907089400704 5.700206177531167 2.764477231765277 7.09062688233276
 -5.569493597724748 9.77212302044839 1.575695663496239 0.226707270081131 1.223027330844521 1.925244768745602 -2.107651481435949 5.06017990831897 4.317458478805943 4.769998143012642
 -5.261753189685618 10.50392036292825 1.548406836466973 0.4087852621675968 1.323407420310871 0.5402954882748965 -2.112668587168704 5.822846177037726 4.963523529217451 4.224408083278464
 -2.920751846152468 8.655104333699221 1.878741065792295 0.4735116277364592 1.761461313484557 -0.783893730845874 0.6208371663589631 4.112259950191383 4.961306158730357 3.479150952988602
 -4.654284350437943 8.960745978593369 1.488743032744785 -0.03969058759414956 2.123288573324176 -0.08365549071491374 -1.389475912922796 4.369965626131806 4.950073272758059 3.285617044882559
 -4.378343105077032 9.579414460636443 1.582969468174462 0.6809819068054839 2.913356612836651 -2.005019956420775 -0.2852477814091932 5.317937194711621 3.289554982894095 3.738513292293195
 -3.348056913711401 8.457577072571757 2.601265562066157 -0.3859632192492454 2.262456287626507 -1.627866074134855 1.535425748759721 3.263770922968266 6.82494261634908 2.668215563860866
 -4.536618001932361 9.224663410343339 1.870721293753677 1.061011455141489 1.245804719913294 0.6011139337384508 -1.363502640727503 6.734117865553591 2.880463300549464 4.468880813450211
 -3.219741264761201 9.451844162764148 1.34424819098774 0.5591159722410322 0.85624364758218 -0.003108926104563037 -0.4979158327714971 4.71644038629729 4.8228498099896 4.550470272138241
 -4.581146911760601 9.792651826134472 2.323205849605348 -0.2708166136836354 2.223827624594075 -0.4985388660974614 -0.6113512335726909 5.284921514640947 3.306857697351856 4.738938639340299
 -3.236148130415925 9.139883750151956 1.676833245287153 -0.3474404167730858 1.759247421596019 0.5904083567705387 -1.994377756556378 5.316258054392881 4.560083513941327 5.480425175081314
 -3.615981137559166 9.715957849450836 2.274118765443048 -1.01990144713812 3.164502022171837 -1.259466626429825 -1.762863320296417 5.468352787654421 4.10608721232346 5.558240801525223
 -4.45034752172077 9.756247819334087 2.662907153867704 -0.2939278828699737 3.060877906295124 -0.8369453368466815 0.3432509614110265 3.646821521586444 4.506522406917493 4.393212278880007
 -5.096844017943636 10.42124774427581 1.636872150683126 0.2730888966574285 2.309170945592244 -1.782492364952335 0.552548922894557 4.451567898823494 4.692946637798889 3.976259991007164
 -5.272573616255716 10.6237185167754 1.533348632785791 0.8438034845123915 1.151184043091068 0.6478452560143608 -1.493968232081539 6.453934825356737 2.702772830584734 6.105395006848203
 -4.506860530797032 10.47729209090834 1.357858222909344 0.1159755596475096 1.190523535103173 1.543752884630156 -1.867435576961904 5.561369313299478 3.8315661280825 3.863846823774412
